625424714
103834273
422277740
812791689
826182313
1646262058
1605319626
885595617
315049445
1826714781
702135938
189729289
788832915
1716019025
516017929
1379972453
2124653023
72192246
786146595
1104127266
980272479
1314551682
240695131
1945710207
1352944775
673455675
1330682846
270648011
1890384741
860290444
416019441
599098279
1119447279
66360220
569007576
2016354247
221369626
2116273219
1719430815
33945201
432834231
232063397
2089465095
321160232
542814857
1310407692
140690252
1319638876
1433659706
398105089
115556725
1925892950
2001276100
1498282399
65013677
1761136116
1393020974
134494088
1419198634
724691720
1096268915
1764114375
340825044
1895326006
10076047
1773594096
1801410303
1026424152
531841625
849184188
383830477
1365278506
1548601107
619473502
967792301
975586872
1804865389
1794375651
891543067
457983229
479578818
1341377219
576587765
431373736
530238682
425338935
49061581
1005733531
2110704409
698603153
1640952156
1503696466
1892590557
1175209283
1676164271
888182678
1371548685
1834986975
824057694
546588183
